451 511 470 523
666 618 666 643
547 380 547 405
819 340 843 348
758 528 784 536
888 552 921 558
901 476 934 483
431 482 451 511
399 510 420 539
972 656 996 686
239 520 238 559
779 364 792 401
963 567 965 607
506 378 547 380
942 425 983 430
420 539 451 511
504 277 546 278
429 131 427 173
792 401 834 404
399 510 431 482
934 483 976 491
921 558 963 567
621 577 622 620
621 577 664 572
622 620 666 618
547 380 592 379
96 493 101 538
888 552 880 597
622 620 622 666
664 572 666 618
779 364 819 340
546 278 594 276
965 607 972 656
622 666 666 643
758 528 756 578
784 536 756 578
719 350 719 402
614 525 621 577
792 401 799 457
843 348 834 404
942 425 934 483
983 430 976 491
719 350 779 364
819 340 792 401
547 521 614 525
470 523 434 581
553 672 622 666
719 402 792 401
713 277 719 350
429 131 503 130
428 278 504 277
934 483 921 558
431 405 431 482
470 523 547 521
976 491 963 567
901 476 888 552
87 416 96 493
799 457 784 536
880 597 965 607
340 277 428 278
338 172 427 173
910 711 996 686
341 407 431 405
503 130 594 132
664 572 756 578
240 172 338 172
504 277 506 378
239 274 340 277
240 172 239 274
546 278 547 380
239 411 341 407
594 276 592 379
799 457 901 476
345 526 434 581
427 173 428 278
338 172 340 277
784 536 888 552
239 520 345 526
239 411 239 520
834 404 942 425
666 643 756 578
431 405 547 405
547 405 547 521
594 132 713 132
594 276 713 277
341 407 345 526
756 578 880 597
428 278 431 405
101 538 100 667
340 277 341 407
239 274 239 411
101 538 238 559
594 132 594 276
713 132 713 277
96 493 239 520
503 130 504 277
434 581 553 672
547 521 553 672
87 416 239 411
547 405 719 402
238 559 403 611
756 578 910 711
