240 172
87 416
338 172
239 274
429 131
96 493
427 173
340 277
503 130
101 538
239 411
428 278
594 132
341 407
239 520
100 667
504 277
238 559
546 278
431 405
713 132
594 276
345 526
506 378
399 510
431 482
547 380
547 405
420 539
451 511
592 379
713 277
470 523
403 611
434 581
547 521
719 350
719 402
614 525
779 364
819 340
843 348
792 401
621 577
553 672
664 572
834 404
622 620
799 457
666 618
758 528
622 666
666 643
784 536
756 578
942 425
901 476
983 430
934 483
888 552
976 491
880 597
921 558
963 567
965 607
910 711
972 656
996 686
